================================================================================
evaluation_order 分析报告
================================================================================

1. 基本信息
----------------------------------------
分析文件: D:\Files\MUC-QMJH\Data\integrated_data\integrated_data.parquet
数据总行数: 135634
evaluation_order 唯一值数量: 28

2. 出现次数分布
----------------------------------------
Order       出现次数
----------------------------------------
    1    108315
    2     15972
    3      5350
    4      2453
    5      1310
    6       744
    7       495
    8       304
    9       191
   10       138
   11        78
   12        63
   13        50
   14        39
   15        30
   16        27
   17        13
   18        15
   19        11
   20         5
   21         9
   22         4
   23         6
   24         4
   25         3
   26         3
   27         1
   28         1

================================================================================
报告生成时间: 2026-04-23 09:41:32
================================================================================
